100
4 2
5 2
6 2
1000 1000
1000 1
845864 724905
999999 128
294508 227298
985042 792574
500000 262143
666241 581274
5 1
454125 391073
1000000 499999
769259 717312
2 1
500000 128
500000 249998
500000 262144
999999 524288
560286 465813
447005 370070
1 1
999999 420175
500000 127
500000 250000
999999 499999
1000000 524287
500000 249999
999999 475711
1000000 2
500000 237856
500000 131071
1000000 508380
1000000 262144
500000 499999
999999 499997
2 2
273150 254606
971737 871444
4 1
999999 499890
999999 262144
279143 223345
1000000 475712
3 1
607595 531113
861965 850326
500000 216095
500000 131072
401578 388982
999999 999998
500000 241639
514203 495430
1000000 127
999999 475712
459130 414326
1000000 262143
3 2
407095 328264
644269 535038
733956 683384
1000000 999999
670806 638663
387507 315822
254073 205064
500000 2
1000000 500000
1000000 475713
500000 237857
385655 376714
999999 524287
266849 243593
336454 264234
999999 127
999999 1
500000 500000
904314 886013
433850 391809
302733 300675
1000000 499998
1000000 263180
399763 393648
1000000 128
364678 315422
705074 567287
576408 570293
500000 1
999933 926550
999999 2
697596 605555
999999 262143
796500 714705
832617 765703
1000000 1000000
999999 999999
999999 499998
1000000 524288
881768 693430
1000000 1
